\documentclass[epsfig]{article}
\usepackage{epsfig}
\usepackage{amsmath}
% For including code into the document
\usepackage{verbatim}
\usepackage{booktabs}
\usepackage{hyperref}
%\usepackage{mfpic}

%\input paretc
%\input wgretc % My own viewgraph definition file for slide 

\textwidth 6.7in
\oddsidemargin -0.1in
\textheight 8.50in
\topmargin -0.55in
\renewcommand{\textfraction}{0.25}
\renewcommand{\floatpagefraction}{0.7}
\markboth{}{\sl Adam Pridgen \hfil COMP / ELEC / STAT 502 \hfil Homework 6 Part 1: Solution }
\pagestyle{myheadings}

\def\bpar{\vskip26pt}
\def\npar{\vskip13pt}
\def\spar{\vskip10pt}

\hypersetup{
    bookmarks=true,         % show bookmarks bar?
    unicode=false,          % non-Latin characters in Acrobat’s bookmarks
    pdftoolbar=true,        % show Acrobat’s toolbar?
    pdfmenubar=true,        % show Acrobat’s menu?
    pdffitwindow=false,     % window fit to page when opened
    pdfstartview={FitH},    % fits the width of the page to the window
    pdftitle={My title},    % title
    pdfauthor={Author},     % author
    pdfsubject={Subject},   % subject of the document
    pdfcreator={Creator},   % creator of the document
    pdfproducer={Producer}, % producer of the document
    pdfkeywords={keyword1} {key2} {key3}, % list of keywords
    pdfnewwindow=true,      % links in new window
    colorlinks=false,       % false: boxed links; true: colored links
    linkcolor=red,          % color of internal links
    citecolor=green,        % color of links to bibliography
    filecolor=magenta,      % color of file links
    urlcolor=cyan           % color of external links
}
 \hypersetup{colorlinks=true}
\begin{document}


\parindent=0pt
%{\zerrm

%\null\bpar
%\centerline{\bf Homework 4 Part 1: Solution}
%\npar
%\centerline{Due 1/22/2009, in hardcopy form (either neat handwriting or typeset).} 
%\centerline{Total possible score: 110 points (94 points = 100\%)}

\npar

\bpar\bpar
{\bf Problem 6.1 Perform PCA on the Iris dataset using {\it princomp}  }

Below are the outputs from {\it princomp}
0.44938352 &&   0.8884878  &&   0.08058529 &&   0.04636694 \\ 
0.51829753 &&  -0.1756428  &&  -0.781801   &&  -0.29883855 \\ 
0.51453148 &&  -0.28774293 &&   0.60871517 &&  -0.53096818 \\
0.5144701  &&  -0.31135677 &&   0.10843917 &&   0.79159233 \\
\[
PC's (eigenvectors) = 
 \begin{pmatrix}
0.39957069 && -0.43304502 && -0.74353538 && 0.31618098 \\
-0.1953196 && -0.89878279 && 0.32481948 && -0.22029993 \\
 0.61184299 && 0.04789885 && -0.03451457 && -0.7887728 \\
 0.65409607 && -0.04865398 && 0.58348623 && 0.47888927\\
  \end{pmatrix}
\]
\[
PC * PC' = 
 \begin{pmatrix}
 1.00000000e+00 && -7.49400542e-16 && -8.32667268e-17  && 1.94289029e-16 \\
-7.49400542e-16 &&  1.00000000e+00 && -4.16333634e-16  && 4.44089210e-16 \\
 -8.32667268e-17 && -4.16333634e-16 &&  1.00000000e+00 && -1.66533454e-16 \\
  1.94289029e-16 &&  4.44089210e-16 && -1.66533454e-16 && 1.00000000e+00 \\
   \end{pmatrix}
\]


\[ Eigenvalues = 
 \begin{pmatrix}
0.24040713 && 0.02773006 && 0.0121533 &&  0.0017823 
 \end{pmatrix}\]



{\bf Problem 6.2 Perform PCA using the Generalized Hebian Algorithm}


PCA was performed using the Generalized Hebian Algorithm (GHA), and completed in 2021400 learning steps.  The following link shows an~\href{http://www.youtube.com/watch?v=MFp3W-akUIo}{animation of this process}, and Table~\ref{tab:problem62_netconfig} shows the configuration used.  Below are the initial and resulting weight/principal components matrices.	

\begin{table}[htbp] 

\center
\caption{Table shows the network configuration for the PCA calculation using GHA.}
  \label{tab:problem62_netconfig}
  \scalebox{0.9}{
\begin{tabular}{p{4cm} p{.1cm} l}
  \toprule
  \multicolumn{3}{l}{\bf Network Configuration (4-{\it vary}-3)} \\
  \bottomrule \noalign{\smallskip}
  Input layer & & 4 \\
  Output layer & & 4 (e.g. identify the 4 principal components)\\
  \toprule
  \multicolumn{3}{l}{\bf Learning Parameters} \\
  \bottomrule \noalign{\smallskip}
  Initial weights & & Uniform Distribution in [-.5, .5] \\
  Alpha (learning rate) & & .002
  Momentum & & 0.001 \\
  Epoch size & & 75 \\
  Max learning steps & & 3M (completed 2021400 steps)\\
  Training set & & 75 sampels from the Iris dataset \\ 
  \toprule
  \multicolumn{3}{l}{\bf Quality Measures } \\
  \bottomrule \noalign{\smallskip}
  Learning Error Function & &   \\
  m (\# of learn steps \newline between recording) & &  30000 \\
  Assessment Error Fn. & &  (${\bf I}$ - P$_{GHA}$ * P$_{GHA}$')$^2$ \\
  \toprule
  \multicolumn{3}{l}{\bf Stopping Criteria } \\
  \bottomrule \noalign{\smallskip}
  epsilon (max. error between desired and actual output) & & arbitrarily selected 1e-7  \\
  \bottomrule \noalign{\smallskip}
\end{tabular}}
\end{table} 



\[
Initial Weights, {\bf W} = 
 \begin{pmatrix}
0.48868172 && 0.18103692 && -0.08309226 && -0.25780877\\
0.43888552 && -0.42764161 && -0.36636835 && -0.1837733 \\
0.10337869 &&  0.16052186 &&  0.30426285 && -0.46066729 \\
-0.42368854 &&  -0.10222743 &&   0.22601953 &&   0.29606618\\
  \end{pmatrix}
\]

\[
PC~matrix/{\bf W} = 
 \begin{pmatrix}
0.48038779 && 0.38393109 && 0.55584712 && 0.55933753 \\
 0.01748726 && 0.89445015 && -0.29693592 && -0.33388947\\
-0.80645255 && 0.21857684 && -0.00682565 && 0.54937407\\
-0.34276854 && 0.06888125 && 0.77626334 && -0.52427498\\ 
  \end{pmatrix}
\]


\[
PC * PC' = 
 \begin{pmatrix}
1.00000000e+00 && -2.55351296e-15 && -2.80331314e-14 && 2.08983799e-05\\
-2.55351296e-15 && 1.00000000e+00 && 1.56263891e-14 && 1.66184926e-04\\
-2.80331314e-14 && 1.56263891e-14 && 1.00000000e+00 && -1.83916695e-03\\
 2.08983799e-05 && 1.66184926e-04 && -1.83916695e-03 && 9.99683917e-01\\
   \end{pmatrix}
\]


\[ Eigenvalues = 
 \begin{pmatrix}
0.00509786 && 0.245061 && 0.24987159 && 0.24989101
 \end{pmatrix}\]





\begin{figure}[htbp] 
  \center
  \includegraphics[width = .95\linewidth]{{gha_history}.png} \

  \caption{This plot shows the learning history of GHA when finding PCA.  The top plots shows
  the remaining {\it error distance} before the i$^th$ PC is caculated.  In this case, all components are zero showing that all components have been {\it approximately} identified.  The bottom plot show the learning history for each of the elements in {\it diag()} of the weight matrix.}
  \label{fig:problem5_2_tt_4} 
\end{figure}




\clearpage

\newpage
\appendix
\newpage
\section{Main Code for Calculating PCs with {\it princomp}}
\verbatiminput{../../code/python/nnwork/hw/pcas_hw6_prob1.py}
\newpage
\section{Main Code for Calculating PCs with GHA}
\verbatiminput{../../code/python/nnwork/hw/pcas_hw6_prob2.py}
\newpage
\section{GHA Python Module}
\verbatiminput{../../code/python/nnwork/ann/sangersgha.py}
\newpage
\section{PCA Plotter Python Module}
\verbatiminput{../../code/python/nnwork/annplots/pcaplotter.py}
\newpage

\section{Back Propogation Python Module}
\verbatiminput{../../code/python/nnwork/ann/backprop.py}


\end{document}


